R=0.05663;
L=0.40000;
dt = 0.05;
